7	78
7	4467
8	4463
9	4523
9	291
9	398
9	4537
11	301
11	67
11	346
11	16
11	4440
11	440
11	14
11	253
13	4528
13	402
13	88
14	11
15	437
15	4504
16	95
16	260
16	53
16	72
16	301
16	121
16	67
16	4441
16	325
16	346
16	398
16	314
16	4492
16	4456
16	362
16	318
16	366
16	4494
16	58
16	66
16	294
16	383
16	11
16	315
16	4488
16	432
16	363
16	249
16	441
16	434
16	382
16	304
16	124
16	64
16	339
16	4463
16	246
16	63
16	4470
16	4530
16	45
16	65
16	86
16	35
16	94
16	80
16	219
16	74
16	440
16	4496
16	89
16	96
16	4440
17	4479
17	437
17	76
17	45
17	4439
18	19
18	109
19	292
19	118
19	122
19	465
19	256
19	255
19	18
20	52
20	314
20	375
21	49
21	107
21	4438
21	4460
23	267
25	405
27	112
28	61
29	363
29	30
30	29
30	363
35	16
38	4474
38	127
38	4481
38	40
39	426
39	78
40	317
40	260
40	72
40	301
40	67
40	42
40	318
40	259
40	327
40	68
40	4470
40	93
40	440
40	4496
40	73
40	70
40	64
40	315
40	432
40	352
40	378
40	4482
40	63
40	74
40	38
42	67
42	4470
42	4463
42	40
42	4469
42	65
42	4534
42	440
42	437
42	391
42	4496
43	318
43	93
43	4482
43	305
43	378
45	447
45	346
45	218
45	220
45	16
45	255
45	228
45	462
45	217
45	457
45	4433
45	304
45	4459
45	17
45	452
47	109
48	415
48	321
48	217
49	21
49	4563
49	4498
51	445
52	20
52	53
52	301
52	67
52	314
52	65
52	74
52	379
52	93
52	68
52	97
52	63
52	375
52	4531
52	383
52	4448
52	438
52	4496
52	64
52	80
53	16
53	4441
53	89
53	80
53	52
57	365
57	110
58	16
59	80
61	28
61	394
62	376
63	317
63	260
63	392
63	72
63	301
63	261
63	313
63	121
63	67
63	314
63	318
63	259
63	66
63	16
63	94
63	52
63	327
63	344
63	420
63	68
63	4470
63	459
63	440
63	124
63	4496
63	73
63	383
63	40
63	312
63	74
63	97
63	432
63	254
63	315
63	65
63	304
63	64
64	317
64	260
64	392
64	72
64	301
64	261
64	67
64	314
64	318
64	259
64	66
64	16
64	94
64	52
64	89
64	344
64	420
64	68
64	4470
64	459
64	440
64	4450
64	250
64	124
64	298
64	4496
64	73
64	383
64	40
64	312
64	74
64	97
64	432
64	254
64	315
64	65
64	63
65	317
65	95
65	260
65	392
65	72
65	301
65	261
65	67
65	398
65	314
65	4492
65	42
65	318
65	259
65	4494
65	66
65	16
65	94
65	52
65	327
65	344
65	68
65	4470
65	440
65	302
65	4450
65	250
65	124
65	298
65	4496
65	73
65	4431
65	383
65	312
65	74
65	97
65	432
65	4440
65	254
65	315
65	4463
65	253
65	63
65	64
66	317
66	260
66	72
66	301
66	261
66	67
66	398
66	314
66	318
66	259
66	4494
66	375
66	73
66	124
66	440
66	315
66	4506
66	16
66	438
66	432
66	312
66	4470
66	316
66	94
66	4496
66	97
66	74
66	253
66	68
66	65
66	64
66	63
67	317
67	260
67	392
67	72
67	301
67	261
67	4494
67	311
67	4450
67	383
67	398
67	42
67	52
67	325
67	16
67	69
67	4470
67	4504
67	254
67	11
67	315
67	344
67	440
67	124
67	4496
67	93
67	378
67	40
67	259
67	94
67	253
67	318
67	432
67	68
67	97
67	73
67	66
67	74
67	63
67	65
67	64
68	317
68	260
68	72
68	301
68	261
68	313
68	67
68	314
68	318
68	259
68	66
68	94
68	52
68	316
68	344
68	4470
68	73
68	378
68	97
68	40
68	440
68	124
68	93
68	432
68	4496
68	312
68	74
68	315
68	64
68	63
68	65
69	317
69	260
69	392
69	72
69	301
69	261
69	67
69	259
69	4504
69	344
69	4447
69	4450
69	70
69	97
69	124
69	338
69	254
69	432
69	345
69	74
70	301
70	398
70	4494
70	69
70	40
70	74
71	392
71	464
71	344
71	235
71	432
71	345
71	375
72	317
72	260
72	392
72	4450
72	316
72	314
72	4507
72	4504
72	398
72	116
72	344
72	448
72	338
72	16
72	4470
72	254
72	40
72	69
72	4496
72	4494
72	315
72	124
72	66
72	440
72	65
72	318
72	73
72	94
72	259
72	64
72	63
72	261
72	378
72	93
72	68
72	97
72	432
72	459
72	67
72	301
72	74
73	260
73	72
73	301
73	67
73	314
73	362
73	318
73	4504
73	66
73	94
73	68
73	4470
73	459
73	4496
73	432
73	40
73	65
73	64
73	74
73	63
74	317
74	95
74	260
74	392
74	72
74	301
74	261
74	313
74	67
74	346
74	398
74	314
74	4492
74	318
74	259
74	4504
74	4494
74	66
74	4507
74	16
74	94
74	52
74	316
74	344
74	448
74	68
74	4470
74	93
74	440
74	302
74	4447
74	4450
74	235
74	69
74	250
74	124
74	298
74	4496
74	73
74	338
74	383
74	40
74	312
74	4440
74	4482
74	360
74	345
74	4448
74	378
74	246
74	70
74	315
74	97
74	63
74	64
74	254
74	65
74	432
75	447
75	367
75	297
76	4588
76	17
77	4434
78	122
78	39
78	4467
78	7
80	53
80	301
80	4441
80	4492
80	16
80	52
80	89
80	420
80	217
80	59
80	4440
81	98
81	4436
81	322
81	4431
84	446
84	4536
85	86
86	301
86	85
86	16
86	4496
88	13
88	429
88	4493
89	53
89	121
89	4441
89	4492
89	362
89	16
89	96
89	64
89	4496
89	219
89	237
89	80
89	379
89	4440
90	411
90	122
91	346
93	260
93	43
93	72
93	301
93	67
93	318
93	234
93	259
93	52
93	68
93	4482
93	4496
93	40
93	74
93	378
94	317
94	95
94	260
94	72
94	301
94	67
94	346
94	398
94	314
94	318
94	259
94	4504
94	4494
94	66
94	16
94	246
94	383
94	124
94	344
94	97
94	68
94	440
94	432
94	4470
94	312
94	4496
94	302
94	73
94	315
94	316
94	74
94	65
94	64
94	63
95	65
95	94
95	74
95	16
95	4496
95	301
95	4441
95	4440
95	362
96	16
96	89
97	317
97	260
97	392
97	72
97	301
97	261
97	67
97	318
97	259
97	66
97	94
97	52
97	316
97	344
97	68
97	69
97	124
97	74
97	315
97	254
97	253
97	432
97	64
97	63
97	65
98	81
99	240
99	346
99	264
99	441
99	4530
100	396
101	4539
102	4470
102	250
102	299
102	298
102	221
102	4431
102	4465
102	383
103	434
105	366
105	4471
105	376
107	21
107	346
107	4438
107	221
107	4484
107	385
109	47
109	4496
109	18
110	441
110	57
112	255
112	384
112	27
113	240
113	347
113	4492
113	379
113	366
113	237
113	4530
114	301
114	459
114	4496
114	434
114	440
114	391
114	4470
114	327
114	297
114	121
115	299
115	4478
116	72
116	121
116	4470
116	297
116	327
116	459
117	121
117	325
117	346
117	4466
117	4503
118	19
118	224
119	120
120	119
120	406
121	301
121	114
121	346
121	323
121	16
121	4481
121	4496
121	63
121	383
121	219
121	391
121	312
121	116
121	89
121	4492
121	440
121	117
121	4470
121	297
121	327
122	19
122	251
122	90
122	4467
122	78
122	229
124	317
124	260
124	72
124	301
124	261
124	67
124	4430
124	398
124	318
124	259
124	66
124	16
124	94
124	404
124	68
124	69
124	249
124	97
124	63
124	64
124	65
124	4496
124	432
124	74
124	4537
126	231
126	433
126	344
127	38
217	218
217	48
217	45
217	452
217	80
218	228
218	45
218	217
219	121
219	4474
219	16
219	89
219	441
219	253
219	440
219	389
219	304
220	452
220	457
220	45
220	462
221	4484
221	102
221	107
222	264
222	295
224	118
228	447
228	367
228	218
228	238
228	452
228	462
228	457
228	45
229	122
231	126
233	238
233	407
234	301
234	339
234	312
234	4482
234	4470
234	378
234	93
235	317
235	301
235	261
235	71
235	74
235	378
237	113
237	366
237	89
237	441
237	379
238	346
238	4532
238	233
238	228
238	4495
238	444
240	291
240	244
240	113
240	4530
240	99
242	4570
244	240
244	4499
246	301
246	325
246	4492
246	16
246	94
246	250
246	74
246	4440
246	4502
248	339
248	304
248	323
249	4494
249	16
249	363
249	124
250	260
250	301
250	261
250	259
250	4470
250	4450
250	299
250	64
250	74
250	102
250	246
250	65
250	298
250	383
250	4431
251	122
252	399
252	4491
252	4536
253	449
253	67
253	346
253	4474
253	66
253	11
253	296
253	219
253	459
253	460
253	356
253	421
253	97
253	434
253	65
253	304
254	317
254	260
254	392
254	72
254	301
254	261
254	67
254	325
254	362
254	259
254	344
254	4447
254	69
254	338
254	74
254	97
254	432
254	378
254	63
254	64
254	345
254	65
255	19
255	45
255	112
256	19
256	386
259	317
259	260
259	392
259	72
259	301
259	261
259	67
259	314
259	318
259	93
259	338
259	311
259	68
259	66
259	378
259	4470
259	63
259	124
259	4507
259	4450
259	40
259	94
259	64
259	69
259	250
259	345
259	97
259	65
259	344
259	74
259	254
259	432
260	317
260	346
260	93
260	302
260	378
260	383
260	250
260	4447
260	73
260	366
260	16
260	398
260	4496
260	4492
260	261
260	66
260	4450
260	312
260	316
260	338
260	40
260	4470
260	68
260	318
260	4504
260	69
260	124
260	63
260	345
260	97
260	315
260	64
260	94
260	67
260	72
260	344
260	65
260	259
260	392
260	301
260	74
260	254
260	432
261	317
261	260
261	392
261	72
261	301
261	63
261	4450
261	250
261	68
261	124
261	235
261	378
261	345
261	69
261	66
261	4507
261	64
261	344
261	97
261	67
261	254
261	65
261	432
261	74
261	259
262	4589
264	4506
264	222
264	299
264	298
264	4496
264	99
264	440
267	23
291	4497
291	240
291	9
292	19
292	4474
294	16
294	4488
294	440
295	222
296	253
297	114
297	121
297	116
297	327
297	75
298	403
298	301
298	264
298	4470
298	302
298	250
298	299
298	64
298	74
298	4465
298	4496
298	65
298	102
298	4431
298	383
299	115
299	264
299	4470
299	250
299	4465
299	102
299	298
299	383
299	4431
301	317
301	95
301	260
301	392
301	72
301	366
301	4447
301	391
301	4507
301	352
301	325
301	11
301	121
301	4440
301	234
301	382
301	114
301	4492
301	4488
301	311
301	52
301	86
301	235
301	246
301	4431
301	313
301	345
301	346
301	70
301	4450
301	298
301	93
301	80
301	40
301	261
301	398
301	69
301	4504
301	314
301	124
301	4494
301	97
301	312
301	254
301	73
301	250
301	338
301	383
301	440
301	66
301	67
301	259
301	68
301	16
301	344
301	318
301	65
301	315
301	64
301	4496
301	63
301	432
301	316
301	94
301	4470
301	74
301	302
302	317
302	260
302	301
302	313
302	346
302	318
302	94
302	316
302	448
302	4470
302	65
302	304
302	383
302	298
302	312
302	4496
302	74
302	315
303	337
303	4527
304	325
304	346
304	4492
304	248
304	16
304	323
304	441
304	219
304	4470
304	440
304	302
304	421
304	339
304	45
304	63
304	253
305	43
311	301
311	313
311	67
311	318
311	259
311	315
311	316
312	317
312	260
312	301
312	313
312	121
312	314
312	318
312	234
312	413
312	66
312	94
312	316
312	68
312	4470
312	440
312	302
312	4496
312	65
312	74
312	64
312	315
312	63
313	317
313	301
313	68
313	74
313	318
313	315
313	302
313	63
313	4494
313	314
313	311
313	312
314	20
314	72
314	301
314	313
314	16
314	52
314	4470
314	74
314	259
314	378
314	68
314	73
314	420
314	318
314	316
314	4440
314	440
314	438
314	94
314	64
314	66
314	65
314	4496
314	63
314	312
315	317
315	260
315	72
315	301
315	313
315	67
315	318
315	4504
315	4494
315	311
315	66
315	16
315	94
315	316
315	344
315	68
315	4470
315	440
315	302
315	4496
315	40
315	312
315	74
315	97
315	432
315	382
315	65
315	64
315	63
316	260
316	72
316	301
316	314
316	318
316	311
316	66
316	94
316	302
316	348
316	97
316	4496
316	4470
316	74
316	312
316	68
316	315
317	313
317	124
317	235
317	66
317	63
317	4447
317	4450
317	68
317	338
317	346
317	40
317	69
317	302
317	4470
317	378
317	312
317	64
317	345
317	261
317	97
317	67
317	72
317	65
317	392
317	315
317	94
317	254
317	344
317	259
317	260
317	432
317	74
317	301
317	318
318	317
318	260
318	43
318	72
318	301
318	313
318	67
318	398
318	314
318	311
318	259
318	124
318	93
318	97
318	73
318	66
318	4504
318	40
318	344
318	4494
318	4496
318	68
318	432
318	16
318	312
318	315
318	4470
318	65
318	316
318	302
318	64
318	63
318	94
318	74
321	48
322	81
323	121
323	346
323	248
323	365
323	434
323	421
323	339
323	304
324	4484
325	301
325	67
325	4496
325	346
325	16
325	4503
325	117
325	4492
325	304
325	246
325	254
327	114
327	121
327	116
327	4470
327	65
327	63
327	391
327	40
327	297
329	343
329	4466
329	342
329	340
329	341
330	4465
335	4588
335	337
335	388
335	336
336	4588
336	337
336	388
336	4472
336	335
337	4588
337	303
337	388
337	336
337	335
338	317
338	260
338	72
338	301
338	259
338	344
338	4447
338	69
338	254
338	74
338	432
338	345
339	346
339	248
339	234
339	16
339	323
339	304
340	342
340	329
341	343
341	342
341	329
342	343
342	340
342	341
342	329
343	341
343	342
343	329
344	317
344	260
344	392
344	72
344	301
344	261
344	67
344	318
344	259
344	94
344	68
344	378
344	126
344	448
344	63
344	315
344	64
344	4450
344	71
344	97
344	4447
344	65
344	345
344	69
344	254
344	74
344	432
344	338
345	317
345	260
345	392
345	301
345	261
345	259
345	344
345	448
345	71
345	4447
345	4450
345	69
345	338
345	74
345	432
345	378
345	254
346	317
346	260
346	301
346	121
346	4464
346	325
346	11
346	4496
346	4470
346	444
346	323
346	238
346	117
346	99
346	382
346	107
346	339
346	4530
346	16
346	91
346	74
346	94
346	440
346	45
346	441
346	4466
346	253
346	434
346	302
346	304
347	113
347	4524
347	420
348	316
352	301
352	4496
352	40
356	363
356	459
356	460
356	253
360	74
360	390
362	95
362	392
362	464
362	379
362	73
362	382
362	4440
362	254
362	89
362	378
362	375
362	16
362	377
363	29
363	16
363	356
363	30
363	249
365	4530
365	4543
365	456
365	57
365	323
366	260
366	301
366	398
366	113
366	4471
366	105
366	16
366	237
366	4494
367	447
367	4430
367	4459
367	75
367	228
368	4524
369	411
370	4495
371	4492
371	4496
374	4492
374	420
375	20
375	392
375	362
375	66
375	464
375	52
375	71
375	377
375	4496
375	379
376	62
376	105
377	362
377	464
377	379
377	375
377	432
378	317
378	260
378	392
378	43
378	72
378	261
378	67
378	314
378	362
378	234
378	259
378	4507
378	344
378	68
378	93
378	235
378	40
378	74
378	379
378	345
378	254
378	4482
379	362
379	113
379	464
379	52
379	89
379	237
379	377
379	375
379	378
382	301
382	346
382	362
382	16
382	4496
382	315
383	260
383	301
383	121
383	67
383	16
383	94
383	52
383	4470
383	302
383	250
383	299
383	298
383	4496
383	4431
383	102
383	434
383	63
383	64
383	74
383	65
384	112
385	107
386	4588
386	388
386	4440
386	256
388	4588
388	337
388	335
388	336
388	386
389	219
390	396
390	360
391	301
391	114
391	121
391	42
391	327
391	4496
391	440
392	317
392	260
392	71
392	4470
392	63
392	4450
392	375
392	459
392	72
392	69
392	362
392	64
392	67
392	301
392	97
392	345
392	378
392	65
392	74
392	344
392	261
392	432
392	259
392	254
394	398
394	61
394	4451
396	390
396	100
398	260
398	72
398	301
398	399
398	9
398	67
398	66
398	318
398	440
398	65
398	70
398	432
398	94
398	4496
398	16
398	74
398	394
398	366
398	4494
398	4537
398	124
399	252
399	398
402	13
403	298
403	4539
403	4538
403	4469
404	124
405	25
406	120
407	233
410	4463
410	411
411	410
411	90
411	369
413	312
413	4496
415	48
415	4470
415	4459
416	4494
416	420
416	417
417	416
419	4441
420	347
420	4441
420	314
420	4492
420	416
420	4440
420	64
420	441
420	440
420	438
420	374
420	80
420	63
420	4496
421	323
421	304
421	434
421	253
426	39
426	4458
427	4441
427	4499
429	88
432	317
432	260
432	392
432	72
432	301
432	261
432	67
432	398
432	4492
432	446
432	318
432	259
432	4504
432	66
432	16
432	94
432	344
432	68
432	71
432	377
432	4470
432	4447
432	4450
432	69
432	124
432	4496
432	73
432	338
432	40
432	74
432	97
432	315
432	63
432	64
432	345
432	65
432	254
433	4454
433	4443
433	4442
433	126
434	114
434	346
434	103
434	16
434	323
434	441
434	4470
434	440
434	4496
434	421
434	383
434	4440
434	253
437	15
437	42
437	4466
437	17
437	4469
438	314
438	66
438	52
438	420
438	441
438	4470
438	4496
439	4437
440	72
440	301
440	114
440	121
440	67
440	346
440	398
440	314
440	4492
440	42
440	66
440	294
440	16
440	94
440	11
440	264
440	391
440	420
440	219
440	68
440	4470
440	315
440	304
440	40
440	4463
440	312
440	74
440	434
440	64
440	63
440	4496
440	65
441	346
441	4492
441	4474
441	16
441	420
441	438
441	237
441	99
441	219
441	4470
441	434
441	304
441	110
444	346
444	238
445	51
446	4471
446	432
446	84
447	75
447	228
447	452
447	367
447	462
447	45
448	72
448	344
448	302
448	345
448	74
449	253
451	4549
452	447
452	220
452	465
452	228
452	462
452	217
452	45
453	4493
453	4543
456	365
457	220
457	228
457	45
459	392
459	72
459	114
459	116
459	73
459	64
459	4496
459	356
459	63
459	460
459	253
460	459
460	4496
460	356
460	253
462	447
462	220
462	228
462	4459
462	45
462	452
464	362
464	71
464	377
464	379
464	375
465	19
465	452
4430	4442
4430	367
4430	124
4431	301
4431	4507
4431	4470
4431	250
4431	299
4431	298
4431	81
4431	4496
4431	4465
4431	65
4431	102
4431	383
4433	45
4434	77
4436	4463
4436	81
4437	4438
4437	4440
4437	439
4438	21
4438	4437
4438	107
4438	4440
4439	17
4440	95
4440	301
4440	4441
4440	314
4440	362
4440	16
4440	11
4440	4437
4440	89
4440	386
4440	420
4440	80
4440	4438
4440	4496
4440	74
4440	434
4440	4463
4440	246
4440	65
4441	95
4441	53
4441	80
4441	420
4441	427
4441	4492
4441	419
4441	89
4441	4499
4441	4440
4441	16
4442	4430
4442	433
4442	4443
4443	433
4443	4442
4447	317
4447	260
4447	301
4447	344
4447	254
4447	74
4447	432
4447	338
4447	69
4447	345
4447	4450
4448	52
4448	74
4450	317
4450	260
4450	392
4450	72
4450	301
4450	261
4450	67
4450	259
4450	344
4450	4447
4450	65
4450	64
4450	250
4450	432
4450	69
4450	74
4450	345
4451	4480
4451	394
4453	4454
4453	4475
4454	433
4454	4453
4455	4456
4455	4463
4455	4471
4456	16
4456	4471
4456	4455
4458	426
4459	367
4459	462
4459	45
4459	415
4460	21
4460	4461
4461	4460
4463	410
4463	42
4463	16
4463	4436
4463	440
4463	4496
4463	4455
4463	8
4463	4440
4463	65
4464	346
4465	4533
4465	299
4465	298
4465	330
4465	4431
4465	102
4466	346
4466	117
4466	437
4466	329
4467	4468
4467	122
4467	78
4467	7
4468	4467
4469	403
4469	42
4469	437
4469	4539
4469	4484
4469	4538
4470	317
4470	260
4470	392
4470	72
4470	301
4470	114
4470	121
4470	67
4470	346
4470	314
4470	42
4470	318
4470	234
4470	259
4470	116
4470	66
4470	16
4470	94
4470	327
4470	316
4470	441
4470	68
4470	304
4470	73
4470	4493
4470	434
4470	64
4470	312
4470	432
4470	63
4470	440
4470	40
4470	438
4470	315
4470	102
4470	65
4470	74
4470	299
4470	4496
4470	415
4470	250
4470	383
4470	298
4470	4431
4470	302
4471	4456
4471	446
4471	366
4471	105
4471	4455
4472	336
4473	4565
4474	292
4474	38
4474	253
4474	441
4474	219
4475	4453
4478	115
4479	17
4480	4451
4481	121
4481	4494
4481	38
4482	43
4482	234
4482	93
4482	40
4482	74
4482	378
4484	324
4484	221
4484	4469
4484	107
4488	301
4488	4492
4488	294
4488	16
4489	4567
4491	252
4492	260
4492	301
4492	121
4492	4441
4492	325
4492	304
4492	65
4492	74
4492	80
4492	113
4492	16
4492	420
4492	374
4492	440
4492	4496
4492	432
4492	4488
4492	89
4492	371
4492	246
4492	441
4493	4470
4493	453
4493	88
4494	72
4494	301
4494	313
4494	67
4494	398
4494	318
4494	366
4494	4496
4494	66
4494	4481
4494	65
4494	70
4494	249
4494	94
4494	416
4494	315
4494	16
4494	74
4495	370
4495	238
4496	95
4496	260
4496	72
4496	301
4496	114
4496	121
4496	67
4496	325
4496	346
4496	398
4496	314
4496	4492
4496	42
4496	318
4496	371
4496	413
4496	4504
4496	4494
4496	66
4496	16
4496	94
4496	52
4496	264
4496	89
4496	316
4496	391
4496	420
4496	109
4496	68
4496	4470
4496	93
4496	459
4496	440
4496	460
4496	302
4496	375
4496	124
4496	298
4496	4431
4496	434
4496	4463
4496	40
4496	86
4496	383
4496	382
4496	432
4496	352
4496	4440
4496	315
4496	73
4496	438
4496	64
4496	63
4496	65
4496	74
4496	312
4497	291
4498	49
4499	4441
4499	427
4499	244
4502	246
4503	325
4503	117
4503	4504
4504	260
4504	72
4504	301
4504	67
4504	15
4504	318
4504	432
4504	315
4504	69
4504	4503
4504	73
4504	94
4504	4496
4504	74
4506	66
4506	264
4507	72
4507	301
4507	261
4507	259
4507	378
4507	4431
4507	4574
4507	74
4523	9
4523	4533
4524	347
4524	368
4527	303
4528	13
4530	240
4530	346
4530	113
4530	365
4530	16
4530	99
4531	52
4532	238
4533	4523
4533	4465
4534	42
4536	84
4536	252
4537	9
4537	398
4537	124
4538	403
4538	4469
4539	403
4539	4469
4539	101
4543	365
4543	453
4549	451
4562	4571
4562	4582
4563	49
4565	4473
4567	4489
4570	242
4571	4562
4574	4507
4582	4562
4588	76
4588	386
4588	337
4588	335
4588	336
4588	388
4589	262
